1002001
1001001
1000001
999001
998002
997003
996004
995006
994008
993010
992013
991016
990019
989023
988027
987031
986036
985041
984046
983052
982058
981064
980071
979078
978085
977093
976101
975109
974118
973127
972136
971146
970156
969166
968177
967188
966199
965211
964223
963235
962248
961261
960274
959288
958302
957316
956331
955346
954361
953377
952393
951409
950426
949443
948460
947478
946496
945514
944533
943552
942571
941591
940611
939631
938652
937673
936694
935716
934738
933760
932783
931806
930829
929853
928877
927901
926926
925951
924976
924002
923028
922054
921081
920108
919135
918163
917191
916219
915248
914277
913306
912336
911366
910396
909427
908458
907489
906521
905553
904585
903618
902651
901684
900718
899752
898786
897821
896856
895891
894927
893963
892999
892036
891073
890110
889148
888186
887224
886263
885302
884341
883381
882421
881461
880502
879543
878584
877626
876668
875710
874753
873796
872839
871883
870927
869971
869016
868061
867106
866152
865198
864244
863291
862338
861385
860433
859481
858529
857578
856627
855676
854726
853776
852826
851877
850928
849979
849031
848083
847135
846188
845241
844294
843348
842402
841456
840511
839566
838621
837677
836733
835789
834846
833903
832960
832018
831076
830134
829193
828252
827311
826371
825431
824491
823552
822613
821674
820736
819798
818860
817923
816986
816049
815113
814177
813241
812306
811371
810436
809502
808568
807634
806701
805768
804835
803903
802971
802039
801108
800177
799246
798316
797386
796456
795527
794598
793669
792741
791813
790885
789958
789031
788104
787178
786252
785326
784401
783476
782551
781627
780703
779779
778856
777933
777010
776088
775166
774244
773323
772402
771481
770561
769641
768721
767802
766883
765964
765046
764128
763210
762293
761376
760459
759543
758627
757711
756796
755881
754966
754052
753138
752224
751311
750398
749485
748573
747661
746749
745838
744927
744016
743106
742196
741286
740377
739468
738559
737651
736743
735835
734928
734021
733114
732208
731302
730396
729491
728586
727681
726777
725873
724969
724066
723163
722260
721358
720456
719554
718653
717752
716851
715951
715051
714151
713252
712353
711454
710556
709658
708760
707863
706966
706069
705173
704277
703381
702486
701591
700696
699802
698908
698014
697121
696228
695335
694443
693551
692659
691768
690877
689986
689096
688206
687316
686427
685538
684649
683761
682873
681985
681098
680211
679324
678438
677552
676666
675781
674896
674011
673127
672243
671359
670476
669593
668710
667828
666946
666064
665183
664302
663421
662541
661661
660781
659902
659023
658144
657266
656388
655510
654633
653756
652879
652003
651127
650251
649376
648501
647626
646752
645878
645004
644131
643258
642385
641513
640641
639769
638898
638027
637156
636286
635416
634546
633677
632808
631939
631071
630203
629335
628468
627601
626734
625868
625002
624136
623271
622406
621541
620677
619813
618949
618086
617223
616360
615498
614636
613774
612913
612052
611191
610331
609471
608611
607752
606893
606034
605176
604318
603460
602603
601746
600889
600033
599177
598321
597466
596611
595756
594902
594048
593194
592341
591488
590635
589783
588931
588079
587228
586377
585526
584676
583826
582976
582127
581278
580429
579581
578733
577885
577038
576191
575344
574498
573652
572806
571961
571116
570271
569427
568583
567739
566896
566053
565210
564368
563526
562684
561843
561002
560161
559321
558481
557641
556802
555963
555124
554286
553448
552610
551773
550936
550099
549263
548427
547591
546756
545921
545086
544252
543418
542584
541751
540918
540085
539253
538421
537589
536758
535927
535096
534266
533436
532606
531777
530948
530119
529291
528463
527635
526808
525981
525154
524328
523502
522676
521851
521026
520201
519377
518553
517729
516906
516083
515260
514438
513616
512794
511973
511152
510331
509511
508691
507871
507052
506233
505414
504596
503778
502960
502143
501326
500509
499693
498877
498061
497246
496431
495616
494802
493988
493174
492361
491548
490735
489923
489111
488299
487488
486677
485866
485056
484246
483436
482627
481818
481009
480201
479393
478585
477778
476971
476164
475358
474552
473746
472941
472136
471331
470527
469723
468919
468116
467313
466510
465708
464906
464104
463303
462502
461701
460901
460101
459301
458502
457703
456904
456106
455308
454510
453713
452916
452119
451323
450527
449731
448936
448141
447346
446552
445758
444964
444171
443378
442585
441793
441001
440209
439418
438627
437836
437046
436256
435466
434677
433888
433099
432311
431523
430735
429948
429161
428374
427588
426802
426016
425231
424446
423661
422877
422093
421309
420526
419743
418960
418178
417396
416614
415833
415052
414271
413491
412711
411931
411152
410373
409594
408816
408038
407260
406483
405706
404929
404153
403377
402601
401826
401051
400276
399502
398728
397954
397181
396408
395635
394863
394091
393319
392548
391777
391006
390236
389466
388696
387927
387158
386389
385621
384853
384085
383318
382551
381784
381018
380252
379486
378721
377956
377191
376427
375663
374899
374136
373373
372610
371848
371086
370324
369563
368802
368041
367281
366521
365761
365002
364243
363484
362726
361968
361210
360453
359696
358939
358183
357427
356671
355916
355161
354406
353652
352898
352144
351391
350638
349885
349133
348381
347629
346878
346127
345376
344626
343876
343126
342377
341628
340879
340131
339383
338635
337888
337141
336394
335648
334902
334156
333411
332666
331921
331177
330433
329689
328946
328203
327460
326718
325976
325234
324493
323752
323011
322271
321531
320791
320052
319313
318574
317836
317098
316360
315623
314886
314149
313413
312677
311941
311206
310471
309736
309002
308268
307534
306801
306068
305335
304603
303871
303139
302408
301677
300946
300216
299486
298756
298027
297298
296569
295841
295113
294385
293658
292931
292204
291478
290752
290026
289301
288576
287851
287127
286403
285679
284956
284233
283510
282788
282066
281344
280623
279902
279181
278461
277741
277021
276302
275583
274864
274146
273428
272710
271993
271276
270559
269843
269127
268411
267696
266981
266266
265552
264838
264124
263411
262698
261985
261273
260561
259849
259138
258427
257716
257006
256296
255586
254877
254168
253459
252751
252043
251335
250628
249921
249214
248508
247802
247096
246391
245686
244981
244277
243573
242869
242166
241463
240760
240058
239356
238654
237953
237252
236551
235851
235151
234451
233752
233053
232354
231656
230958
230260
229563
228866
228169
227473
226777
226081
225386
224691
223996
223302
222608
221914
221221
220528
219835
219143
218451
217759
217068
216377
215686
214996
214306
213616
212927
212238
211549
210861
210173
209485
208798
208111
207424
206738
206052
205366
204681
203996
203311
202627
201943
201259
200576
199893
199210
198528
197846
197164
196483
195802
195121
194441
193761
193081
192402
191723
191044
190366
189688
189010
188333
187656
186979
186303
185627
184951
184276
183601
182926
182252
181578
180904
180231
179558
178885
178213
177541
176869
176198
175527
174856
174186
173516
172846
172177
171508
170839
170171
169503
168835
168168
167501
166834
166168
165502
164836
164171
163506
162841
162177
161513
160849
160186
159523
158860
158198
157536
156874
156213
155552
154891
154231
153571
152911
152252
151593
150934
150276
149618
148960
148303
147646
146989
146333
145677
145021
144366
143711
143056
142402
141748
141094
140441
139788
139135
138483
137831
137179
136528
135877
135226
134576
133926
133276
132627
131978
131329
130681
130033
129385
128738
128091
127444
126798
126152
125506
124861
124216
123571
122927
122283
121639
120996
120353
119710
119068
118426
117784
117143
116502
115861
115221
114581
113941
113302
112663
112024
111386
110748
110110
109473
108836
108199
107563
106927
106291
105656
105021
104386
103752
103118
102484
101851
101218
100585
99953
99321
98689
98058
97427
96796
96166
95536
94906
94277
93648
93019
92391
91763
91135
90508
89881
89254
88628
88002
87376
86751
86126
85501
84877
84253
83629
83006
82383
81760
81138
80516
79894
79273
78652
78031
77411
76791
76171
75552
74933
74314
73696
73078
72460
71843
71226
70609
69993
69377
68761
68146
67531
66916
66302
65688
65074
64461
63848
63235
62623
62011
61399
60788
60177
59566
58956
58346
57736
57127
56518
55909
55301
54693
54085
53478
52871
52264
51658
51052
50446
49841
49236
48631
48027
47423
46819
46216
45613
45010
44408
43806
43204
42603
42002
41401
40801
40201
39601
39002
38403
37804
37206
36608
36010
35413
34816
34219
33623
33027
32431
31836
31241
30646
30052
29458
28864
28271
27678
27085
26493
25901
25309
24718
24127
23536
22946
22356
21766
21177
20588
19999
19411
18823
18235
17648
17061
16474
15888
15302
14716
14131
13546
12961
12377
11793
11209
10626
10043
9460
8878
8296
7714
7133
6552
5971
5391
4811
4231
3652
3073
2494
1916
1338
760
183
580990511
